2021 01 2021.042 : 17.5 0
2021 02 2021.122 : 19.9 0
2021 03 2021.204 : 23.0 0
2021 04 2021.286 : 22.1 2.9
2021 05 2021.371 : 24.7 3.5
2021 06 2021.453 : 27.7 4.2
2021 07 2021.538 : 30.7 5.2
2021 08 2021.623 : 33.8 6.3
2021 09 2021.705 : 37.0 7.4
2021 10 2021.790 : 40.8 8.7
2021 11 2021.873 : 44.0 9.8
2021 12 2021.958 : 46.9 10.9
2022 01 2022.042 : 50.7 12.2
2022 02 2022.122 : 54.0 13.4
2022 03 2022.204 : 56.7 14.5
2022 04 2022.286 : 60.0 15.7
2022 05 2022.371 : 63.8 17.1
2022 06 2022.453 : 66.5 18.2

